0.0
0.0
0.0
0.0
0.0
0.0
0.0
0.0
0.0
0.0
0.0
0.0
0.064
0.064
0.064
0.064
0.064
0.064
0.1024
0.1024
0.1024
0.12544
0.12544
0.139264
0.16
0.16
0.16
0.16
0.16384
0.177664
0.19093504
0.1984
0.200704
0.21397504
0.22144
0.235264
0.244056064
0.256
0.256
0.2665984
0.27904
0.288385024
0.3011584
0.3136
0.31995904
0.3330310144
0.34816
0.35981860864
0.375891165184
0.4
0.4
0.4
0.4
0.40384
0.417664
0.43093504
0.4384
0.440704
0.45397504
0.46144
0.475264
0.484056064
0.496
0.496
0.5065984
0.51904
0.528385024
0.5411584
0.5536
0.55995904
0.5730310144
0.58816
0.59981860864
0.615891165184
0.64
0.64
0.64313344
0.658561024
0.6644224
0.676864
0.6904336384
0.6976
0.711424
0.72469504
0.735975424
0.752896
0.76953469911
0.784
0.7951366144
0.8061184
0.81856
0.834817024
0.8517376
0.8704
0.88367104
0.9008902144
0.92224
0.94053412864
0.964320477184
