0.0
0.0
0.0
0.0
0.0
0.0
0.0
0.0
0.0
0.0
0.0
0.0
0.0
0.0
0.0
0.0
0.0
0.0
0.0
0.0
0.0
0.0
0.0
0.0
0.16
0.16
0.16
0.16
0.16
0.16
0.16
0.16
0.16
0.16
0.16
0.16
0.16
0.256
0.256
0.256
0.256
0.256
0.256
0.3136
0.3136
0.3136
0.34816
0.34816
0.368896
0.4
0.4
0.4
0.4
0.4
0.4
0.4
0.4096
0.4096
0.4096
0.44416
0.464896
0.4773376
0.496
0.496
0.496
0.50176
0.50176
0.5349376
0.5536
0.5536
0.557056
0.58816
0.5902336
0.61014016
0.64
0.64
0.64
0.64
0.6478336
0.666496
0.68640256
0.6976
0.701056
0.72096256
0.73216
0.752896
0.766084096
0.784
0.784
0.7998976
0.81856
0.832577536
0.8517376
0.8704
0.87993856
0.8995465216
0.92224
0.93972791296
0.963836747776
