0.00206562477654
0.00516406194136
0.00922547106779
0.0129101548534
0.0173853989813
0.0230636776695
0.0278141130563
0.0322753871335
0.0376850727954
0.0434634974533
0.0503544699807
0.0576591941737
0.0652393748659
0.0695352826407
0.0744312393888
0.0806884678338
0.0866110436772
0.0942126819884
0.10314362492
0.108658743633
0.115966626206
0.125886174952
0.133579975724
0.144147985434
0.16
0.163098437165
0.167746092912
0.173838206602
0.17936523228
0.186078098472
0.194595516504
0.201721169584
0.2084130807
0.216527609193
0.22519524618
0.235531704971
0.246488791261
0.257859062299
0.264302923961
0.271646859083
0.281032701751
0.289916565516
0.301319022983
0.314715437379
0.32298811545
0.333949939309
0.348829262428
0.360369963586
0.376221978151
0.4
0.403098437165
0.407746092912
0.413838206602
0.41936523228
0.426078098472
0.434595516504
0.441721169584
0.4484130807
0.456527609193
0.46519524618
0.475531704971
0.486488791261
0.497859062299
0.504302923961
0.511646859083
0.521032701751
0.529916565516
0.541319022983
0.554715437379
0.56298811545
0.573949939309
0.588829262428
0.600369963586
0.616221978151
0.64
0.644647655747
0.651619139368
0.660757309903
0.66904784842
0.679117147708
0.691893274756
0.702581754377
0.71261962105
0.72479141379
0.73779286927
0.753297557457
0.769733186891
0.786788593448
0.796454385942
0.807470288625
0.821549052626
0.834874848274
0.851978534474
0.872073156069
0.884482173175
0.900924908964
0.923243893641
0.940554945379
0.964332967227
